基本运算：
1.四则运算
0
123/3+2^3*(21-5^1)/(2*4)-(2+(63*(35-21)/7)*4)+5^5/(31-2*3)
63^9*647382321.9*46332217.8/(432167+47902)
2.次方运算
0 0
31.371829
2.03123
4362174124812368
4367219412649987
3.开方运算
431244124
-1
4.对数运算
0 -1
0 0
6437826473 0
4321432334 10
5.三角函数
3 0
3 2 45
6.阶乘
-1
10000
7.倒数
12345
0

高级运算：
1.大数运算
3256478194444564549499956217848888484848484848484848484848482184097623089469912721894563287956987564387956483256398756439285632094613856405467235643295867
%
462184523626594563124873264832648932648732146198372469312845612938451743127894691832649837146

463721894687912564782198989898527432180919191919191919199467128365479812224532671849884361274614956785467354326785478943025619845628977938442356487952436587490325643827173642905623749832579804235654728395665873492543672890423768905675323234456238978095463564985465435556432958889898985324377754832905423564392678543627542346578943265657895034759408325743209862189000005629844568489468732876943286794357968054607985689743598453268743586743568934568903425698670437457434528760435987043598074356908435698345268043597804357984537980453798435798453798045390345687094536894352680345260
*
6874564536453684579805469780546798435867543876456894356643568743578645545436453680867543705435432658236958762377777777764325789359305765678592754574389205758940325792345743564328795642378956498564785436547895647856475864357864357612908475984750969045678678906587695078643620987542390857564832906145237895643217809465137805461378070854745794759078905435478930504864536785436754364537690453645687453687435689453689043569804536980435628769056445463465804568045368435680680543608456

37902e34huh1uigiu23234789
2.方程求解
2
1 2 1
0

7
12 -12 0 0 378 -6 5 1
0
3.矩阵运算
5 5
4 -5 2 9 4
5 -7 3 3 7
6 -9 4 2 9
0  0 1 2 6
-1 1 2 9 0
5 5
3 -1 -3 4 5
2  0  4 6 7
1  2 -1 3 8
1  0  2 2 3
12 2  2 9 8
4.求质数
1
1234567
5.求约数
-1
188928
6.求组合数
738920 12898
28190 3721037
-2 189
7.求斐波那契数
999999999999999999
8.求GCD和LCM
1024 3232

实用工具
3.数字转大写中文
0
2.34
34612789.38
